id	chr	start	end	tag	tag%	abs
chr1:124292736-124292736	chr1	124292736	124292736	1	0.10183299389002	0.0433394
chr10:119133810-119133810	chr10	119133810	119133810	1	0.10183299389002	0.0433394
chr20:19097144-19097144	chr20	19097144	19097144	1	0.10183299389002	0.0433394
chr18:77769610-77769610	chr18	77769610	77769610	2	0.203665987780041	0.0866788
chr16:77348749-77348749	chr16	77348749	77348749	2	0.203665987780041	0.0866788
chr4:52560489-52560494	chr4	52560489	52560494	2	0.203665987780041	0.0866788
chrX:48959078-48959078	chrX	48959078	48959078	1	0.10183299389002	0.0433394
chr9:118204832-118204832	chr9	118204832	118204832	1	0.10183299389002	0.0433394
chr12:39544685-39544685	chr12	39544685	39544685	1	0.10183299389002	0.0433394
chr8:52026383-52026383	chr8	52026383	52026383	1	0.10183299389002	0.0433394
chr5:49601531-49601531	chr5	49601531	49601531	1	0.10183299389002	0.0433394
chr9:115328945-115328945	chr9	115328945	115328945	1	0.10183299389002	0.0433394
chr4:190181085-190181085	chr4	190181085	190181085	1	0.10183299389002	0.0433394
chr7:84675430-84675436	chr7	84675430	84675436	2	0.203665987780041	0.0866788
chr6:60771066-60771066	chr6	60771066	60771066	1	0.10183299389002	0.0433394
chr2:95678860-95678860	chr2	95678860	95678860	1	0.10183299389002	0.0433394
chr17:52394492-52394492	chr17	52394492	52394492	1	0.10183299389002	0.0433394
chr16:1761426-1761426	chr16	1761426	1761426	1	0.10183299389002	0.0433394
chr1:78036209-78036210	chr1	78036209	78036210	4	0.407331975560081	0.173358
chr13:41366195-41366196	chr13	41366195	41366196	4	0.407331975560081	0.173358
chr4:145886671-145886671	chr4	145886671	145886671	1	0.10183299389002	0.0433394
chr5:66218616-66218616	chr5	66218616	66218616	1	0.10183299389002	0.0433394
chr6:122014555-122014555	chr6	122014555	122014555	1	0.10183299389002	0.0433394
chr7:129442844-129442844	chr7	129442844	129442844	1	0.10183299389002	0.0433394
chr16:14824359-14824361	chr16	14824359	14824361	2	0.203665987780041	0.0866788
chr11:93201994-93201996	chr11	93201994	93201996	2	0.203665987780041	0.0866788
chr11:37740871-37740871	chr11	37740871	37740871	1	0.10183299389002	0.0433394
chr8:78805889-78805889	chr8	78805889	78805889	1	0.10183299389002	0.0433394
chr16:75452570-75452610	chr16	75452570	75452610	2	0.203665987780041	0.0866788
chr9:15457833-15457833	chr9	15457833	15457833	1	0.10183299389002	0.0433394
chr15:96458924-96458924	chr15	96458924	96458924	1	0.10183299389002	0.0433394
chr1:69295846-69295846	chr1	69295846	69295846	1	0.10183299389002	0.0433394
chr19:17734903-17734903	chr19	17734903	17734903	2	0.203665987780041	0.0866788
chr9:39741433-39741433	chr9	39741433	39741433	1	0.10183299389002	0.0433394
chr4:13981943-13981943	chr4	13981943	13981943	1	0.10183299389002	0.0433394
chr9:69712109-69712109	chr9	69712109	69712109	1	0.10183299389002	0.0433394
chr3:50133948-50133948	chr3	50133948	50133948	2	0.203665987780041	0.0866788
chr4:50640792-50640792	chr4	50640792	50640792	1	0.10183299389002	0.0433394
chrY:26395109-26395109	chrY	26395109	26395109	1	0.10183299389002	0.0433394
chr9:77974982-77974982	chr9	77974982	77974982	2	0.203665987780041	0.0866788
chr9:42284120-42284120	chr9	42284120	42284120	1	0.10183299389002	0.0433394
chr4:133966116-133966116	chr4	133966116	133966116	1	0.10183299389002	0.0433394
chr10:59406833-59406833	chr10	59406833	59406833	1	0.10183299389002	0.0433394
chr16:28477511-28477511	chr16	28477511	28477511	1	0.10183299389002	0.0433394
chr18:35648469-35648469	chr18	35648469	35648469	1	0.10183299389002	0.0433394
chrX:121369744-121369744	chrX	121369744	121369744	1	0.10183299389002	0.0433394
chr16:80687091-80687091	chr16	80687091	80687091	1	0.10183299389002	0.0433394
chr6:28725373-28725404	chr6	28725373	28725404	2	0.203665987780041	0.0866788
chr14:20105914-20105914	chr14	20105914	20105914	1	0.10183299389002	0.0433394
chr7:49179403-49179403	chr7	49179403	49179403	3	0.305498981670061	0.130018
chr19:4672986-4672986	chr19	4672986	4672986	1	0.10183299389002	0.0433394
chr11:53072060-53072060	chr11	53072060	53072060	2	0.203665987780041	0.0866788
chr15:84235286-84235286	chr15	84235286	84235286	1	0.10183299389002	0.0433394
chr3:111402182-111402182	chr3	111402182	111402182	2	0.203665987780041	0.0866788
chr9:100981026-100981026	chr9	100981026	100981026	1	0.10183299389002	0.0433394
chr11:51091550-51091941	chr11	51091550	51091941	2	0.203665987780041	0.0866788
chr20:23331237-23331237	chr20	23331237	23331237	1	0.10183299389002	0.0433394
chr18:8272688-8272723	chr18	8272688	8272723	5	0.509164969450102	0.216697
chr2:143117743-143117743	chr2	143117743	143117743	1	0.10183299389002	0.0433394
chr10:66211126-66211148	chr10	66211126	66211148	2	0.203665987780041	0.0866788
chr9:32376227-32376227	chr9	32376227	32376227	2	0.203665987780041	0.0866788
chr5:160819183-160819187	chr5	160819183	160819187	2	0.203665987780041	0.0866788
chr19:77863-77863	chr19	77863	77863	1	0.10183299389002	0.0433394
chr13:109353084-109353084	chr13	109353084	109353084	1	0.10183299389002	0.0433394
chrX:103387211-103387211	chrX	103387211	103387211	1	0.10183299389002	0.0433394
chr15:17981547-17981547	chr15	17981547	17981547	1	0.10183299389002	0.0433394
chr5:64811890-64811890	chr5	64811890	64811890	2	0.203665987780041	0.0866788
chr19:24972216-24972216	chr19	24972216	24972216	1	0.10183299389002	0.0433394
chr2:156494871-156494871	chr2	156494871	156494871	1	0.10183299389002	0.0433394
chr4:49573794-49573794	chr4	49573794	49573794	1	0.10183299389002	0.0433394
chr12:29152929-29152929	chr12	29152929	29152929	1	0.10183299389002	0.0433394
chr12:38306-38306	chr12	38306	38306	1	0.10183299389002	0.0433394
chr8:43238116-43238116	chr8	43238116	43238116	2	0.203665987780041	0.0866788
chrX:143629560-143629560	chrX	143629560	143629560	2	0.203665987780041	0.0866788
chr21:36600796-36600802	chr21	36600796	36600802	2	0.203665987780041	0.0866788
chr2:60147560-60147560	chr2	60147560	60147560	1	0.10183299389002	0.0433394
chr16:62371692-62371692	chr16	62371692	62371692	1	0.10183299389002	0.0433394
chr3:27230085-27230085	chr3	27230085	27230085	1	0.10183299389002	0.0433394
chr5:12947511-12947511	chr5	12947511	12947511	1	0.10183299389002	0.0433394
chr13:48865233-48865233	chr13	48865233	48865233	2	0.203665987780041	0.0866788
chr1:16616920-16616920	chr1	16616920	16616920	1	0.10183299389002	0.0433394
chr2:181691643-181691643	chr2	181691643	181691643	1	0.10183299389002	0.0433394
chr12:111765753-111765753	chr12	111765753	111765753	1	0.10183299389002	0.0433394
chrX:17721746-17721746	chrX	17721746	17721746	2	0.203665987780041	0.0866788
chr17:38645030-38645030	chr17	38645030	38645030	1	0.10183299389002	0.0433394
chr12:111558450-111558450	chr12	111558450	111558450	1	0.10183299389002	0.0433394
chr18:67003051-67003051	chr18	67003051	67003051	1	0.10183299389002	0.0433394
chr1:122955208-122955208	chr1	122955208	122955208	1	0.10183299389002	0.0433394
chr4:124803803-124803803	chr4	124803803	124803803	1	0.10183299389002	0.0433394
chr1:114470880-114470880	chr1	114470880	114470880	2	0.203665987780041	0.0866788
chr4:49709412-49709454	chr4	49709412	49709454	2	0.203665987780041	0.0866788
chr6:163420516-163420516	chr6	163420516	163420516	2	0.203665987780041	0.0866788
chr22:15841749-15841749	chr22	15841749	15841749	1	0.10183299389002	0.0433394
chr19:42228790-42228835	chr19	42228790	42228835	4	0.407331975560081	0.173358
chr10:128874298-128874306	chr10	128874298	128874306	3	0.305498981670061	0.130018
chr18:2140738-2140773	chr18	2140738	2140773	2	0.203665987780041	0.0866788
chr10:77192631-77192631	chr10	77192631	77192631	1	0.10183299389002	0.0433394
chr9:6457226-6457226	chr9	6457226	6457226	2	0.203665987780041	0.0866788
chr10:6132206-6132218	chr10	6132206	6132218	2	0.203665987780041	0.0866788
chrX:55870463-55870463	chrX	55870463	55870463	1	0.10183299389002	0.0433394
chr4:190179919-190179919	chr4	190179919	190179919	1	0.10183299389002	0.0433394
chr18:49059127-49059127	chr18	49059127	49059127	1	0.10183299389002	0.0433394
chr13:98636208-98636208	chr13	98636208	98636208	1	0.10183299389002	0.0433394
chr21:26115060-26115060	chr21	26115060	26115060	2	0.203665987780041	0.0866788
chr11:51415646-51415646	chr11	51415646	51415646	1	0.10183299389002	0.0433394
chrY:11298020-11298020	chrY	11298020	11298020	1	0.10183299389002	0.0433394
chr10:71736214-71736214	chr10	71736214	71736214	1	0.10183299389002	0.0433394
chr21:7927870-7927870	chr21	7927870	7927870	1	0.10183299389002	0.0433394
chr3:106369501-106369552	chr3	106369501	106369552	2	0.203665987780041	0.0866788
chrY:6879838-6879838	chrY	6879838	6879838	1	0.10183299389002	0.0433394
chr13:93439548-93439548	chr13	93439548	93439548	2	0.203665987780041	0.0866788
chrX:103812315-103812315	chrX	103812315	103812315	2	0.203665987780041	0.0866788
chr18:15792825-15792825	chr18	15792825	15792825	1	0.10183299389002	0.0433394
chr4:161349835-161349835	chr4	161349835	161349835	1	0.10183299389002	0.0433394
chr2:12069486-12069486	chr2	12069486	12069486	1	0.10183299389002	0.0433394
chr12:65008856-65008896	chr12	65008856	65008896	2	0.203665987780041	0.0866788
chr19:36547613-36547621	chr19	36547613	36547621	2	0.203665987780041	0.0866788
chr8:17473737-17473737	chr8	17473737	17473737	2	0.203665987780041	0.0866788
chr15:32246890-32246895	chr15	32246890	32246895	2	0.203665987780041	0.0866788
chrX:22043187-22043226	chrX	22043187	22043226	2	0.203665987780041	0.0866788
chr11:30724179-30724196	chr11	30724179	30724196	2	0.203665987780041	0.0866788
chr22:15772761-15772761	chr22	15772761	15772761	1	0.10183299389002	0.0433394
chrY:22870-22870	chrY	22870	22870	2	0.203665987780041	0.0866788
chr7:83565864-83565864	chr7	83565864	83565864	2	0.203665987780041	0.0866788
chrX:124856004-124856006	chrX	124856004	124856006	2	0.203665987780041	0.0866788
chrY:2699871-2699906	chrY	2699871	2699906	13	1.32382892057026	0.563412
chrY:26308734-26308734	chrY	26308734	26308734	1	0.10183299389002	0.0433394
chr11:123050657-123050657	chr11	123050657	123050657	2	0.203665987780041	0.0866788
chr8:107322310-107322310	chr8	107322310	107322310	2	0.203665987780041	0.0866788
chrX:67704768-67704768	chrX	67704768	67704768	1	0.10183299389002	0.0433394
chr22:12346763-12346763	chr22	12346763	12346763	2	0.203665987780041	0.0866788
chr5:65031401-65031401	chr5	65031401	65031401	1	0.10183299389002	0.0433394
chr4:18408877-18408877	chr4	18408877	18408877	2	0.203665987780041	0.0866788
chr11:53560711-53560711	chr11	53560711	53560711	1	0.10183299389002	0.0433394
chr14:26463285-26463285	chr14	26463285	26463285	1	0.10183299389002	0.0433394
chrX:74539128-74539157	chrX	74539128	74539157	2	0.203665987780041	0.0866788
chrX:70742761-70742761	chrX	70742761	70742761	1	0.10183299389002	0.0433394
chr5:10128029-10128029	chr5	10128029	10128029	1	0.10183299389002	0.0433394
chr2:107704072-107704072	chr2	107704072	107704072	1	0.10183299389002	0.0433394
chr2:118304152-118304152	chr2	118304152	118304152	1	0.10183299389002	0.0433394
chr2:212654003-212654007	chr2	212654003	212654007	2	0.203665987780041	0.0866788
chr13:46181406-46181439	chr13	46181406	46181439	4	0.407331975560081	0.173358
chr14:49510007-49510007	chr14	49510007	49510007	2	0.203665987780041	0.0866788
chr21:8391953-8391953	chr21	8391953	8391953	1	0.10183299389002	0.0433394
chr4:168618015-168618015	chr4	168618015	168618015	3	0.305498981670061	0.130018
chr2:32916417-32916580	chr2	32916417	32916580	3	0.305498981670061	0.130018
chr20:58553353-58553353	chr20	58553353	58553353	1	0.10183299389002	0.0433394
chr7:36674538-36674538	chr7	36674538	36674538	1	0.10183299389002	0.0433394
chr10:60145782-60145782	chr10	60145782	60145782	2	0.203665987780041	0.0866788
chr4:2770249-2770249	chr4	2770249	2770249	1	0.10183299389002	0.0433394
chr5:25658825-25658825	chr5	25658825	25658825	1	0.10183299389002	0.0433394
chr13:113442863-113442863	chr13	113442863	113442863	1	0.10183299389002	0.0433394
chr10:125351895-125351895	chr10	125351895	125351895	1	0.10183299389002	0.0433394
chr20:4840079-4840079	chr20	4840079	4840079	1	0.10183299389002	0.0433394
chr11:7372925-7372925	chr11	7372925	7372925	1	0.10183299389002	0.0433394
chr16:84518485-84518485	chr16	84518485	84518485	1	0.10183299389002	0.0433394
chr12:98081377-98081418	chr12	98081377	98081418	2	0.203665987780041	0.0866788
chr2:86993430-86993430	chr2	86993430	86993430	2	0.203665987780041	0.0866788
chrX:105818514-105818514	chrX	105818514	105818514	2	0.203665987780041	0.0866788
chr22:16004457-16004457	chr22	16004457	16004457	1	0.10183299389002	0.0433394
chr20:22207261-22207261	chr20	22207261	22207261	1	0.10183299389002	0.0433394
chr9:79869346-79869346	chr9	79869346	79869346	1	0.10183299389002	0.0433394
chr4:49151768-49151768	chr4	49151768	49151768	1	0.10183299389002	0.0433394
chr2:237588828-237588828	chr2	237588828	237588828	1	0.10183299389002	0.0433394
chr7:98018244-98018244	chr7	98018244	98018244	1	0.10183299389002	0.0433394
chr14:92616052-92616052	chr14	92616052	92616052	1	0.10183299389002	0.0433394
chrX:36718746-36718746	chrX	36718746	36718746	1	0.10183299389002	0.0433394
chr3:52538025-52538025	chr3	52538025	52538025	1	0.10183299389002	0.0433394
chr2:2438837-2438837	chr2	2438837	2438837	1	0.10183299389002	0.0433394
chr12:70884398-70884398	chr12	70884398	70884398	1	0.10183299389002	0.0433394
chr12:73737096-73737096	chr12	73737096	73737096	2	0.203665987780041	0.0866788
chr4:186617887-186617887	chr4	186617887	186617887	1	0.10183299389002	0.0433394
chr18:17393787-17393787	chr18	17393787	17393787	1	0.10183299389002	0.0433394
chr17:27880406-27880406	chr17	27880406	27880406	1	0.10183299389002	0.0433394
chr14:16096233-16096233	chr14	16096233	16096233	1	0.10183299389002	0.0433394
chr1:20450240-20450240	chr1	20450240	20450240	1	0.10183299389002	0.0433394
chr15:17006947-17006947	chr15	17006947	17006947	3	0.305498981670061	0.130018
chr15:34007722-34007722	chr15	34007722	34007722	1	0.10183299389002	0.0433394
chr9:39857180-39857180	chr9	39857180	39857180	3	0.305498981670061	0.130018
chr4:24143131-24143131	chr4	24143131	24143131	1	0.10183299389002	0.0433394
chr5:147376417-147376417	chr5	147376417	147376417	1	0.10183299389002	0.0433394
chr11:43731536-43731536	chr11	43731536	43731536	1	0.10183299389002	0.0433394
chrX:137288285-137288285	chrX	137288285	137288285	1	0.10183299389002	0.0433394
chr9:91935478-91935478	chr9	91935478	91935478	4	0.407331975560081	0.173358
chr8:144879246-144879267	chr8	144879246	144879267	2	0.203665987780041	0.0866788
chr22:12288163-12288163	chr22	12288163	12288163	1	0.10183299389002	0.0433394
chr6:106260499-106260499	chr6	106260499	106260499	1	0.10183299389002	0.0433394
chr11:22937824-22937824	chr11	22937824	22937824	1	0.10183299389002	0.0433394
chr7:2237232-2237233	chr7	2237232	2237233	2	0.203665987780041	0.0866788
chr2:58027337-58027337	chr2	58027337	58027337	1	0.10183299389002	0.0433394
chrX:22035527-22035530	chrX	22035527	22035530	3	0.305498981670061	0.130018
chr10:28663916-28663916	chr10	28663916	28663916	3	0.305498981670061	0.130018
chr2:130827382-130827382	chr2	130827382	130827382	1	0.10183299389002	0.0433394
chr12:109496630-109496630	chr12	109496630	109496630	1	0.10183299389002	0.0433394
chr3:93470430-93470760	chr3	93470430	93470760	7	0.712830957230143	0.303376
chr16:56890452-56890452	chr16	56890452	56890452	1	0.10183299389002	0.0433394
chrX:146882570-146882571	chrX	146882570	146882571	3	0.305498981670061	0.130018
chr19:25420749-25420749	chr19	25420749	25420749	1	0.10183299389002	0.0433394
chr3:88131640-88131640	chr3	88131640	88131640	1	0.10183299389002	0.0433394
chr19:6828958-6828958	chr19	6828958	6828958	1	0.10183299389002	0.0433394
chr6:63187587-63187587	chr6	63187587	63187587	1	0.10183299389002	0.0433394
chr3:102665030-102665030	chr3	102665030	102665030	1	0.10183299389002	0.0433394
chr3:163455249-163455249	chr3	163455249	163455249	1	0.10183299389002	0.0433394
chr22:26153721-26153721	chr22	26153721	26153721	1	0.10183299389002	0.0433394
chr6:111154354-111154354	chr6	111154354	111154354	1	0.10183299389002	0.0433394
chr2:25962974-25962974	chr2	25962974	25962974	1	0.10183299389002	0.0433394
chr13:111655836-111655836	chr13	111655836	111655836	1	0.10183299389002	0.0433394
chr2:237560681-237560681	chr2	237560681	237560681	2	0.203665987780041	0.0866788
chr12:27340180-27340180	chr12	27340180	27340180	2	0.203665987780041	0.0866788
chr13:53015450-53015450	chr13	53015450	53015450	1	0.10183299389002	0.0433394
chr1:120041258-120041258	chr1	120041258	120041258	2	0.203665987780041	0.0866788
chr2:95755358-95755358	chr2	95755358	95755358	1	0.10183299389002	0.0433394
chrX:140021085-140021085	chrX	140021085	140021085	1	0.10183299389002	0.0433394
chr9:3646709-3646709	chr9	3646709	3646709	1	0.10183299389002	0.0433394
chr17:33780856-33780856	chr17	33780856	33780856	1	0.10183299389002	0.0433394
chr3:93730826-93730826	chr3	93730826	93730826	1	0.10183299389002	0.0433394
chr15:57789801-57789801	chr15	57789801	57789801	1	0.10183299389002	0.0433394
chr1:120560057-120560057	chr1	120560057	120560057	1	0.10183299389002	0.0433394
chr5:50185186-50185186	chr5	50185186	50185186	1	0.10183299389002	0.0433394
chr20:17534323-17534323	chr20	17534323	17534323	1	0.10183299389002	0.0433394
chr18:18081074-18081074	chr18	18081074	18081074	1	0.10183299389002	0.0433394
chr2:15758295-15758295	chr2	15758295	15758295	1	0.10183299389002	0.0433394
chr18:37235524-37235526	chr18	37235524	37235526	2	0.203665987780041	0.0866788
chr1:146797354-146797354	chr1	146797354	146797354	1	0.10183299389002	0.0433394
chr1:170260461-170260461	chr1	170260461	170260461	1	0.10183299389002	0.0433394
chr12:119315130-119315130	chr12	119315130	119315130	1	0.10183299389002	0.0433394
chr2:96069087-96069087	chr2	96069087	96069087	1	0.10183299389002	0.0433394
chr4:60714076-60714076	chr4	60714076	60714076	1	0.10183299389002	0.0433394
chr21:13864941-13864941	chr21	13864941	13864941	2	0.203665987780041	0.0866788
chr22:23922982-23922982	chr22	23922982	23922982	2	0.203665987780041	0.0866788
chr2:48880444-48880444	chr2	48880444	48880444	1	0.10183299389002	0.0433394
chr1:175774925-175774925	chr1	175774925	175774925	2	0.203665987780041	0.0866788
chr17:10586266-10586266	chr17	10586266	10586266	1	0.10183299389002	0.0433394
chr3:16850277-16850277	chr3	16850277	16850277	2	0.203665987780041	0.0866788
chr10:34590535-34590535	chr10	34590535	34590535	2	0.203665987780041	0.0866788
chr7:156954278-156954278	chr7	156954278	156954278	1	0.10183299389002	0.0433394
chr18:58591760-58591760	chr18	58591760	58591760	1	0.10183299389002	0.0433394
chr17:1616139-1616139	chr17	1616139	1616139	1	0.10183299389002	0.0433394
chr20:31166662-31166662	chr20	31166662	31166662	1	0.10183299389002	0.0433394
chr3:155009688-155009688	chr3	155009688	155009688	1	0.10183299389002	0.0433394
chr5:34856556-34856556	chr5	34856556	34856556	1	0.10183299389002	0.0433394
chr10:102633781-102633816	chr10	102633781	102633816	3	0.305498981670061	0.130018
chr2:90019934-90019934	chr2	90019934	90019934	1	0.10183299389002	0.0433394
chr4:54435205-54435229	chr4	54435205	54435229	2	0.203665987780041	0.0866788
chr15:23838670-23838674	chr15	23838670	23838674	2	0.203665987780041	0.0866788
chr22:13289416-13289416	chr22	13289416	13289416	1	0.10183299389002	0.0433394
chr8:17041520-17041520	chr8	17041520	17041520	3	0.305498981670061	0.130018
chr7:41322669-41322669	chr7	41322669	41322669	1	0.10183299389002	0.0433394
chr19:37850786-37850786	chr19	37850786	37850786	4	0.407331975560081	0.173358
chr5:83982404-83982404	chr5	83982404	83982404	1	0.10183299389002	0.0433394
chr19:13148811-13148811	chr19	13148811	13148811	1	0.10183299389002	0.0433394
chr11:34300448-34300448	chr11	34300448	34300448	1	0.10183299389002	0.0433394
chr4:153619506-153619506	chr4	153619506	153619506	1	0.10183299389002	0.0433394
chrY:19305898-19305898	chrY	19305898	19305898	1	0.10183299389002	0.0433394
chr16:46394828-46394828	chr16	46394828	46394828	2	0.203665987780041	0.0866788
chr18:16090534-16090534	chr18	16090534	16090534	1	0.10183299389002	0.0433394
chr16:18758563-18758563	chr16	18758563	18758563	1	0.10183299389002	0.0433394
chrX:25864420-25864420	chrX	25864420	25864420	3	0.305498981670061	0.130018
chr10:126227855-126227855	chr10	126227855	126227855	1	0.10183299389002	0.0433394
chr8:51808164-51808164	chr8	51808164	51808164	2	0.203665987780041	0.0866788
chr2:102328792-102328792	chr2	102328792	102328792	1	0.10183299389002	0.0433394
chr18:30758485-30758485	chr18	30758485	30758485	1	0.10183299389002	0.0433394
chr16:70324530-70324530	chr16	70324530	70324530	3	0.305498981670061	0.130018
chr8:85649159-85649159	chr8	85649159	85649159	1	0.10183299389002	0.0433394
chr2:10984832-10984832	chr2	10984832	10984832	1	0.10183299389002	0.0433394
chr4:127810727-127810727	chr4	127810727	127810727	1	0.10183299389002	0.0433394
chr20:13433671-13433671	chr20	13433671	13433671	1	0.10183299389002	0.0433394
chr6:111858838-111858839	chr6	111858838	111858839	2	0.203665987780041	0.0866788
chr1:103806110-103806110	chr1	103806110	103806110	1	0.10183299389002	0.0433394
chr11:103071246-103071246	chr11	103071246	103071246	1	0.10183299389002	0.0433394
chr3:190548933-190548933	chr3	190548933	190548933	2	0.203665987780041	0.0866788
chr8:42752207-42752207	chr8	42752207	42752207	1	0.10183299389002	0.0433394
chr4:77663237-77663237	chr4	77663237	77663237	1	0.10183299389002	0.0433394
chr14:99386000-99386000	chr14	99386000	99386000	2	0.203665987780041	0.0866788
chr22:45580840-45580840	chr22	45580840	45580840	2	0.203665987780041	0.0866788
chr2:125236945-125236945	chr2	125236945	125236945	1	0.10183299389002	0.0433394
chr12:45390034-45390034	chr12	45390034	45390034	2	0.203665987780041	0.0866788
chr22:13229610-13229610	chr22	13229610	13229610	3	0.305498981670061	0.130018
chr6:7958136-7958136	chr6	7958136	7958136	1	0.10183299389002	0.0433394
chr12:103345700-103345728	chr12	103345700	103345728	2	0.203665987780041	0.0866788
chr17:72639177-72639177	chr17	72639177	72639177	2	0.203665987780041	0.0866788
chr1:124088064-124088064	chr1	124088064	124088064	1	0.10183299389002	0.0433394
chr17:35503507-35503531	chr17	35503507	35503531	6	0.610997963340122	0.260036
chr21:8232061-8232061	chr21	8232061	8232061	1	0.10183299389002	0.0433394
chr1:177029883-177029883	chr1	177029883	177029883	2	0.203665987780041	0.0866788
chr3:96916841-96916841	chr3	96916841	96916841	1	0.10183299389002	0.0433394
chr7:56177550-56177594	chr7	56177550	56177594	9	0.916496945010183	0.390054
chr17:40119255-40119255	chr17	40119255	40119255	1	0.10183299389002	0.0433394
chr3:172750099-172750099	chr3	172750099	172750099	1	0.10183299389002	0.0433394
chr9:101723146-101723146	chr9	101723146	101723146	1	0.10183299389002	0.0433394
chr7:32606405-32606405	chr7	32606405	32606405	1	0.10183299389002	0.0433394
chr12:88997106-88997106	chr12	88997106	88997106	1	0.10183299389002	0.0433394
chr19:5999504-5999504	chr19	5999504	5999504	1	0.10183299389002	0.0433394
chrY:1705813-1705813	chrY	1705813	1705813	1	0.10183299389002	0.0433394
chr4:98444598-98444598	chr4	98444598	98444598	1	0.10183299389002	0.0433394
chr4:14643125-14643125	chr4	14643125	14643125	2	0.203665987780041	0.0866788
chr8:23595138-23595138	chr8	23595138	23595138	1	0.10183299389002	0.0433394
chr10:110993926-110993926	chr10	110993926	110993926	2	0.203665987780041	0.0866788
chr2:98770277-98770277	chr2	98770277	98770277	1	0.10183299389002	0.0433394
chr5:69159007-69159046	chr5	69159007	69159046	2	0.203665987780041	0.0866788
chr12:133134365-133134365	chr12	133134365	133134365	1	0.10183299389002	0.0433394
chr9:63599720-63599720	chr9	63599720	63599720	1	0.10183299389002	0.0433394
chr2:157628291-157628291	chr2	157628291	157628291	1	0.10183299389002	0.0433394
chr21:29271226-29271226	chr21	29271226	29271226	1	0.10183299389002	0.0433394
chr3:18646568-18646568	chr3	18646568	18646568	1	0.10183299389002	0.0433394
chr11:25493582-25493582	chr11	25493582	25493582	1	0.10183299389002	0.0433394
chr8:5158622-5158622	chr8	5158622	5158622	1	0.10183299389002	0.0433394
chr13:97259534-97259534	chr13	97259534	97259534	2	0.203665987780041	0.0866788
chr4:185409803-185409803	chr4	185409803	185409803	2	0.203665987780041	0.0866788
chr8:3223366-3223366	chr8	3223366	3223366	1	0.10183299389002	0.0433394
chr14:104165330-104165330	chr14	104165330	104165330	1	0.10183299389002	0.0433394
chr1:76057893-76057893	chr1	76057893	76057893	1	0.10183299389002	0.0433394
chr7:39316601-39316601	chr7	39316601	39316601	1	0.10183299389002	0.0433394
chr8:124038338-124038338	chr8	124038338	124038338	1	0.10183299389002	0.0433394
chr5:75188718-75188740	chr5	75188718	75188740	2	0.203665987780041	0.0866788
chr15:49581135-49581135	chr15	49581135	49581135	1	0.10183299389002	0.0433394
chr2:111720205-111720205	chr2	111720205	111720205	1	0.10183299389002	0.0433394
chr2:114738091-114738091	chr2	114738091	114738091	1	0.10183299389002	0.0433394
chr21:8216293-8216293	chr21	8216293	8216293	2	0.203665987780041	0.0866788
chr7:116998143-116998143	chr7	116998143	116998143	1	0.10183299389002	0.0433394
chr15:27885934-27885934	chr15	27885934	27885934	1	0.10183299389002	0.0433394
chr20:35056832-35056832	chr20	35056832	35056832	1	0.10183299389002	0.0433394
chrY:518907-518907	chrY	518907	518907	1	0.10183299389002	0.0433394
chr14:35937199-35937199	chr14	35937199	35937199	1	0.10183299389002	0.0433394
chr1:108555270-108555270	chr1	108555270	108555270	2	0.203665987780041	0.0866788
chr2:127334704-127334704	chr2	127334704	127334704	1	0.10183299389002	0.0433394
chr16:71830275-71830275	chr16	71830275	71830275	2	0.203665987780041	0.0866788
chr2:89829292-89829292	chr2	89829292	89829292	1	0.10183299389002	0.0433394
chr5:70233253-70233253	chr5	70233253	70233253	1	0.10183299389002	0.0433394
chr1:162770477-162770477	chr1	162770477	162770477	1	0.10183299389002	0.0433394
chr4:146170669-146170669	chr4	146170669	146170669	2	0.203665987780041	0.0866788
chr11:74158872-74158872	chr11	74158872	74158872	1	0.10183299389002	0.0433394
chr10:4089755-4089755	chr10	4089755	4089755	2	0.203665987780041	0.0866788
chrX:8878617-8878617	chrX	8878617	8878617	1	0.10183299389002	0.0433394
chr8:38403694-38403694	chr8	38403694	38403694	2	0.203665987780041	0.0866788
chr9:96339118-96339118	chr9	96339118	96339118	1	0.10183299389002	0.0433394
chr12:11891660-11891660	chr12	11891660	11891660	1	0.10183299389002	0.0433394
chr6:117297484-117297484	chr6	117297484	117297484	1	0.10183299389002	0.0433394
chr8:59888869-59888869	chr8	59888869	59888869	1	0.10183299389002	0.0433394
chr4:78531585-78531585	chr4	78531585	78531585	2	0.203665987780041	0.0866788
chr5:64935818-64935822	chr5	64935818	64935822	2	0.203665987780041	0.0866788
chr6:47238250-47238250	chr6	47238250	47238250	1	0.10183299389002	0.0433394
chrY:3339720-3339720	chrY	3339720	3339720	1	0.10183299389002	0.0433394
chrX:2144118-2144118	chrX	2144118	2144118	1	0.10183299389002	0.0433394
chr6:66898197-66898197	chr6	66898197	66898197	1	0.10183299389002	0.0433394
chrX:28982852-28982852	chrX	28982852	28982852	1	0.10183299389002	0.0433394
chr6:155679316-155679316	chr6	155679316	155679316	1	0.10183299389002	0.0433394
chr4:32798752-32798752	chr4	32798752	32798752	1	0.10183299389002	0.0433394
chr2:80102271-80102271	chr2	80102271	80102271	1	0.10183299389002	0.0433394
chr18:20170453-20170453	chr18	20170453	20170453	1	0.10183299389002	0.0433394
chr19:24892861-24892861	chr19	24892861	24892861	1	0.10183299389002	0.0433394
chr6:141469848-141469848	chr6	141469848	141469848	1	0.10183299389002	0.0433394
chr6:56335433-56335433	chr6	56335433	56335433	1	0.10183299389002	0.0433394
chr11:93790992-93790992	chr11	93790992	93790992	4	0.407331975560081	0.173358
chr4:109116255-109116255	chr4	109116255	109116255	2	0.203665987780041	0.0866788
chr5:28466634-28466634	chr5	28466634	28466634	1	0.10183299389002	0.0433394
chrY:7781176-7781176	chrY	7781176	7781176	1	0.10183299389002	0.0433394
chr16:15279386-15279386	chr16	15279386	15279386	2	0.203665987780041	0.0866788
chr12:112814535-112814535	chr12	112814535	112814535	2	0.203665987780041	0.0866788
chrX:72794594-72794594	chrX	72794594	72794594	1	0.10183299389002	0.0433394
chr1:113781875-113781875	chr1	113781875	113781875	1	0.10183299389002	0.0433394
chr20:51997534-51997534	chr20	51997534	51997534	1	0.10183299389002	0.0433394
chr7:37135728-37135731	chr7	37135728	37135731	4	0.407331975560081	0.173358
chrX:117569743-117569743	chrX	117569743	117569743	1	0.10183299389002	0.0433394
chr2:90400164-90400164	chr2	90400164	90400164	1	0.10183299389002	0.0433394
chr18:50015247-50015247	chr18	50015247	50015247	2	0.203665987780041	0.0866788
chr3:64618112-64618112	chr3	64618112	64618112	1	0.10183299389002	0.0433394
chrX:13106106-13106106	chrX	13106106	13106106	1	0.10183299389002	0.0433394
chr3:88835519-88835519	chr3	88835519	88835519	2	0.203665987780041	0.0866788
chr1:123951427-123951427	chr1	123951427	123951427	2	0.203665987780041	0.0866788
chr2:157836302-157836307	chr2	157836302	157836307	2	0.203665987780041	0.0866788
chr9:6588272-6588272	chr9	6588272	6588272	1	0.10183299389002	0.0433394
chrX:5213503-5213503	chrX	5213503	5213503	1	0.10183299389002	0.0433394
chr13:95145295-95145296	chr13	95145295	95145296	2	0.203665987780041	0.0866788
chr19:15251455-15251455	chr19	15251455	15251455	1	0.10183299389002	0.0433394
chr21:17454807-17454807	chr21	17454807	17454807	1	0.10183299389002	0.0433394
chrY:11330077-11330077	chrY	11330077	11330077	1	0.10183299389002	0.0433394
chr10:38493590-38493590	chr10	38493590	38493590	2	0.203665987780041	0.0866788
chr1:43349551-43349551	chr1	43349551	43349551	1	0.10183299389002	0.0433394
chr6:27896651-27896651	chr6	27896651	27896651	1	0.10183299389002	0.0433394
chr13:43262191-43262191	chr13	43262191	43262191	4	0.407331975560081	0.173358
chr22:31639854-31639854	chr22	31639854	31639854	1	0.10183299389002	0.0433394
chrX:140806043-140806043	chrX	140806043	140806043	1	0.10183299389002	0.0433394
chr21:13810875-13810875	chr21	13810875	13810875	2	0.203665987780041	0.0866788
chr7:101812816-101812816	chr7	101812816	101812816	2	0.203665987780041	0.0866788
chr1:8603705-8603705	chr1	8603705	8603705	1	0.10183299389002	0.0433394
chr4:47357604-47357604	chr4	47357604	47357604	1	0.10183299389002	0.0433394
chr5:172189309-172189309	chr5	172189309	172189309	3	0.305498981670061	0.130018
chr19:29013125-29013125	chr19	29013125	29013125	2	0.203665987780041	0.0866788
chr19:36295592-36295592	chr19	36295592	36295592	1	0.10183299389002	0.0433394
chr20:28681216-28681216	chr20	28681216	28681216	1	0.10183299389002	0.0433394
chr2:163802929-163802929	chr2	163802929	163802929	1	0.10183299389002	0.0433394
chr2:76020687-76020687	chr2	76020687	76020687	2	0.203665987780041	0.0866788
chr10:133689807-133689807	chr10	133689807	133689807	1	0.10183299389002	0.0433394
chr1:206770-206770	chr1	206770	206770	1	0.10183299389002	0.0433394
chr16:8809613-8809613	chr16	8809613	8809613	1	0.10183299389002	0.0433394
chr17:56034344-56034344	chr17	56034344	56034344	1	0.10183299389002	0.0433394
chr2:32728496-32728496	chr2	32728496	32728496	1	0.10183299389002	0.0433394
chr10:39071889-39071959	chr10	39071889	39071959	2	0.203665987780041	0.0866788
chr11:22415117-22415117	chr11	22415117	22415117	1	0.10183299389002	0.0433394
chr8:86224990-86224990	chr8	86224990	86224990	2	0.203665987780041	0.0866788
chr16:57133014-57133014	chr16	57133014	57133014	2	0.203665987780041	0.0866788
chr19:37295648-37295648	chr19	37295648	37295648	1	0.10183299389002	0.0433394
chr16:13022969-13022969	chr16	13022969	13022969	2	0.203665987780041	0.0866788
chr6:14569293-14569293	chr6	14569293	14569293	1	0.10183299389002	0.0433394
chr9:109817469-109817501	chr9	109817469	109817501	6	0.610997963340122	0.260036
chr17:51130490-51130490	chr17	51130490	51130490	1	0.10183299389002	0.0433394
chr12:59899293-59899293	chr12	59899293	59899293	1	0.10183299389002	0.0433394
chr13:21689482-21689482	chr13	21689482	21689482	1	0.10183299389002	0.0433394
chr5:12571872-12571872	chr5	12571872	12571872	1	0.10183299389002	0.0433394
chr10:53768664-53768664	chr10	53768664	53768664	1	0.10183299389002	0.0433394
chr16:34455075-34455075	chr16	34455075	34455075	1	0.10183299389002	0.0433394
chr21:42516976-42516976	chr21	42516976	42516976	1	0.10183299389002	0.0433394
chr15:42524041-42524041	chr15	42524041	42524041	1	0.10183299389002	0.0433394
chr6:154059203-154059203	chr6	154059203	154059203	1	0.10183299389002	0.0433394
chr16:84061810-84061811	chr16	84061810	84061811	3	0.305498981670061	0.130018
chr14:72595803-72595803	chr14	72595803	72595803	1	0.10183299389002	0.0433394
chr1:80986648-80986675	chr1	80986648	80986675	3	0.305498981670061	0.130018
chr20:32773964-32773964	chr20	32773964	32773964	1	0.10183299389002	0.0433394
chr8:42908085-42908085	chr8	42908085	42908085	1	0.10183299389002	0.0433394
chr6:67271729-67271729	chr6	67271729	67271729	2	0.203665987780041	0.0866788
chr17:21832701-21832701	chr17	21832701	21832701	1	0.10183299389002	0.0433394
chr20:26437857-26437857	chr20	26437857	26437857	1	0.10183299389002	0.0433394
chr1:103189419-103189419	chr1	103189419	103189419	1	0.10183299389002	0.0433394
chr16:16595121-16595122	chr16	16595121	16595122	2	0.203665987780041	0.0866788
chr8:143335844-143335844	chr8	143335844	143335844	1	0.10183299389002	0.0433394
chr20:63504967-63504967	chr20	63504967	63504967	1	0.10183299389002	0.0433394
chr1:209737105-209737105	chr1	209737105	209737105	2	0.203665987780041	0.0866788
chr6:25687586-25687586	chr6	25687586	25687586	1	0.10183299389002	0.0433394
chr2:155478551-155478551	chr2	155478551	155478551	1	0.10183299389002	0.0433394
chr6:150215635-150215635	chr6	150215635	150215635	1	0.10183299389002	0.0433394
chr12:89881000-89881000	chr12	89881000	89881000	1	0.10183299389002	0.0433394
chr12:6786783-6786783	chr12	6786783	6786783	1	0.10183299389002	0.0433394
chr2:94598801-94598801	chr2	94598801	94598801	2	0.203665987780041	0.0866788
chr13:85957787-85957787	chr13	85957787	85957787	1	0.10183299389002	0.0433394
chr20:52199748-52199748	chr20	52199748	52199748	2	0.203665987780041	0.0866788
chr9:121205492-121205492	chr9	121205492	121205492	1	0.10183299389002	0.0433394
chr2:159351366-159351366	chr2	159351366	159351366	1	0.10183299389002	0.0433394
chr15:32117445-32117483	chr15	32117445	32117483	2	0.203665987780041	0.0866788
chrX:43923618-43923618	chrX	43923618	43923618	1	0.10183299389002	0.0433394
chr5:131223297-131223297	chr5	131223297	131223297	1	0.10183299389002	0.0433394
chr20:30354622-30354622	chr20	30354622	30354622	2	0.203665987780041	0.0866788
chr13:97211694-97211694	chr13	97211694	97211694	1	0.10183299389002	0.0433394
chr8:125435248-125435248	chr8	125435248	125435248	1	0.10183299389002	0.0433394
chr3:112171800-112171800	chr3	112171800	112171800	1	0.10183299389002	0.0433394
chr11:95141733-95141733	chr11	95141733	95141733	3	0.305498981670061	0.130018
chr12:98998997-98998997	chr12	98998997	98998997	1	0.10183299389002	0.0433394
chr4:38976024-38976024	chr4	38976024	38976024	1	0.10183299389002	0.0433394
chr10:11051369-11051369	chr10	11051369	11051369	1	0.10183299389002	0.0433394
chr19:27645709-27645709	chr19	27645709	27645709	1	0.10183299389002	0.0433394
chr14:49262023-49262023	chr14	49262023	49262023	1	0.10183299389002	0.0433394
chr2:136396498-136396498	chr2	136396498	136396498	2	0.203665987780041	0.0866788
chrY:11541462-11541462	chrY	11541462	11541462	1	0.10183299389002	0.0433394
chr11:58443742-58443742	chr11	58443742	58443742	1	0.10183299389002	0.0433394
chr22:22534440-22534448	chr22	22534440	22534448	2	0.203665987780041	0.0866788
chr15:101954712-101954712	chr15	101954712	101954712	1	0.10183299389002	0.0433394
chrX:82720373-82720373	chrX	82720373	82720373	1	0.10183299389002	0.0433394
chr11:53944639-53944639	chr11	53944639	53944639	1	0.10183299389002	0.0433394
chr1:143217971-143217971	chr1	143217971	143217971	1	0.10183299389002	0.0433394
chrY:7838376-7838376	chrY	7838376	7838376	1	0.10183299389002	0.0433394
chr2:101718597-101718597	chr2	101718597	101718597	1	0.10183299389002	0.0433394
chr20:22692842-22692842	chr20	22692842	22692842	1	0.10183299389002	0.0433394
chr10:32256476-32256476	chr10	32256476	32256476	1	0.10183299389002	0.0433394
chr14:79975556-79975556	chr14	79975556	79975556	1	0.10183299389002	0.0433394
chr14:69740767-69740812	chr14	69740767	69740812	2	0.203665987780041	0.0866788
chr17:71368161-71368161	chr17	71368161	71368161	2	0.203665987780041	0.0866788
chr17:46397048-46397048	chr17	46397048	46397048	1	0.10183299389002	0.0433394
chr16:84064651-84064651	chr16	84064651	84064651	1	0.10183299389002	0.0433394
chr5:65732009-65732009	chr5	65732009	65732009	1	0.10183299389002	0.0433394
chr7:135313610-135313610	chr7	135313610	135313610	2	0.203665987780041	0.0866788
chr21:27832756-27832756	chr21	27832756	27832756	1	0.10183299389002	0.0433394
chr4:491123-491123	chr4	491123	491123	2	0.203665987780041	0.0866788
chr10:51860106-51860108	chr10	51860106	51860108	5	0.509164969450102	0.216697
chr18:48185712-48185712	chr18	48185712	48185712	1	0.10183299389002	0.0433394
chr4:49132418-49132418	chr4	49132418	49132418	2	0.203665987780041	0.0866788
chr2:161112778-161112779	chr2	161112778	161112779	2	0.203665987780041	0.0866788
chr15:84438294-84438294	chr15	84438294	84438294	1	0.10183299389002	0.0433394
chrX:149917050-149917050	chrX	149917050	149917050	1	0.10183299389002	0.0433394
chr17:41306856-41306856	chr17	41306856	41306856	1	0.10183299389002	0.0433394
chr5:71233588-71233588	chr5	71233588	71233588	1	0.10183299389002	0.0433394
chr4:54596277-54596277	chr4	54596277	54596277	1	0.10183299389002	0.0433394
chr9:87795446-87795446	chr9	87795446	87795446	1	0.10183299389002	0.0433394
chr21:9051167-9051201	chr21	9051167	9051201	2	0.203665987780041	0.0866788
chr10:47387275-47387275	chr10	47387275	47387275	2	0.203665987780041	0.0866788
chr2:60505548-60505548	chr2	60505548	60505548	2	0.203665987780041	0.0866788
chr1:245307132-245307132	chr1	245307132	245307132	1	0.10183299389002	0.0433394
chr10:42159065-42159065	chr10	42159065	42159065	1	0.10183299389002	0.0433394
chrX:131160131-131160131	chrX	131160131	131160131	1	0.10183299389002	0.0433394
chr16:80370217-80370217	chr16	80370217	80370217	1	0.10183299389002	0.0433394
chr3:97258016-97258016	chr3	97258016	97258016	1	0.10183299389002	0.0433394
chr4:96168486-96168515	chr4	96168486	96168515	2	0.203665987780041	0.0866788
chr7:108150142-108150142	chr7	108150142	108150142	1	0.10183299389002	0.0433394
chr3:121887327-121887358	chr3	121887327	121887358	2	0.203665987780041	0.0866788
chr2:117097036-117097036	chr2	117097036	117097036	1	0.10183299389002	0.0433394
chr1:56255191-56255191	chr1	56255191	56255191	1	0.10183299389002	0.0433394
chr7:134002533-134002536	chr7	134002533	134002536	2	0.203665987780041	0.0866788
chr19:5175032-5175032	chr19	5175032	5175032	2	0.203665987780041	0.0866788
chr2:53682163-53682163	chr2	53682163	53682163	1	0.10183299389002	0.0433394
chr16:51779774-51779837	chr16	51779774	51779837	2	0.203665987780041	0.0866788
chrX:67131467-67131467	chrX	67131467	67131467	1	0.10183299389002	0.0433394
chr5:111257157-111257157	chr5	111257157	111257157	1	0.10183299389002	0.0433394
chr3:163330035-163330035	chr3	163330035	163330035	2	0.203665987780041	0.0866788
chr1:205734575-205734575	chr1	205734575	205734575	1	0.10183299389002	0.0433394
chr11:53339233-53339233	chr11	53339233	53339233	1	0.10183299389002	0.0433394
chr6:66496641-66496641	chr6	66496641	66496641	1	0.10183299389002	0.0433394
chr4:35201351-35201351	chr4	35201351	35201351	2	0.203665987780041	0.0866788
chr8:120318486-120318534	chr8	120318486	120318534	3	0.305498981670061	0.130018
chr15:74791409-74791409	chr15	74791409	74791409	1	0.10183299389002	0.0433394
chr17:58619909-58619909	chr17	58619909	58619909	2	0.203665987780041	0.0866788
chr3:186066041-186066041	chr3	186066041	186066041	1	0.10183299389002	0.0433394
chr8:60392581-60392581	chr8	60392581	60392581	1	0.10183299389002	0.0433394
chr20:51575464-51575464	chr20	51575464	51575464	1	0.10183299389002	0.0433394
chr18:8242861-8242861	chr18	8242861	8242861	1	0.10183299389002	0.0433394
chr2:70088777-70088814	chr2	70088777	70088814	4	0.407331975560081	0.173358
chr19:893561-893561	chr19	893561	893561	1	0.10183299389002	0.0433394
chr11:61039206-61039206	chr11	61039206	61039206	1	0.10183299389002	0.0433394
chr13:48255866-48255872	chr13	48255866	48255872	4	0.407331975560081	0.173358
chrX:81194131-81194131	chrX	81194131	81194131	2	0.203665987780041	0.0866788
chr9:44501306-44501306	chr9	44501306	44501306	1	0.10183299389002	0.0433394
chr15:17700811-17700811	chr15	17700811	17700811	1	0.10183299389002	0.0433394
chr5:28109959-28109959	chr5	28109959	28109959	1	0.10183299389002	0.0433394
chr1:121556230-121556230	chr1	121556230	121556230	1	0.10183299389002	0.0433394
chr20:28978200-28978200	chr20	28978200	28978200	1	0.10183299389002	0.0433394
chr20:51528776-51528776	chr20	51528776	51528776	1	0.10183299389002	0.0433394
chr13:112080873-112080873	chr13	112080873	112080873	1	0.10183299389002	0.0433394
chr11:40225573-40225600	chr11	40225573	40225600	2	0.203665987780041	0.0866788
chr13:97203702-97203702	chr13	97203702	97203702	1	0.10183299389002	0.0433394
chr2:36803961-36803961	chr2	36803961	36803961	2	0.203665987780041	0.0866788
chr20:28510595-28510595	chr20	28510595	28510595	1	0.10183299389002	0.0433394
chr7:52563847-52563847	chr7	52563847	52563847	2	0.203665987780041	0.0866788
chr7:53038274-53038274	chr7	53038274	53038274	1	0.10183299389002	0.0433394
chr6:70615632-70615632	chr6	70615632	70615632	1	0.10183299389002	0.0433394
chr15:78877892-78877892	chr15	78877892	78877892	1	0.10183299389002	0.0433394
chr21:23492952-23492952	chr21	23492952	23492952	1	0.10183299389002	0.0433394
chr18:26617040-26617040	chr18	26617040	26617040	2	0.203665987780041	0.0866788
chr10:74426626-74426626	chr10	74426626	74426626	1	0.10183299389002	0.0433394
chr20:29008152-29008152	chr20	29008152	29008152	1	0.10183299389002	0.0433394
chr18:38805408-38805408	chr18	38805408	38805408	1	0.10183299389002	0.0433394
chr14:24012398-24012398	chr14	24012398	24012398	2	0.203665987780041	0.0866788
chr8:50288484-50288518	chr8	50288484	50288518	2	0.203665987780041	0.0866788
chr7:78913564-78913564	chr7	78913564	78913564	1	0.10183299389002	0.0433394
chr3:81160168-81160215	chr3	81160168	81160215	4	0.407331975560081	0.173358
chr13:58350452-58350452	chr13	58350452	58350452	1	0.10183299389002	0.0433394
chr4:182467207-182467207	chr4	182467207	182467207	1	0.10183299389002	0.0433394
chr19:32261879-32261879	chr19	32261879	32261879	1	0.10183299389002	0.0433394
chr2:95283704-95283704	chr2	95283704	95283704	1	0.10183299389002	0.0433394
chr15:44792647-44792647	chr15	44792647	44792647	2	0.203665987780041	0.0866788
chr4:169991348-169991351	chr4	169991348	169991351	2	0.203665987780041	0.0866788
chr1:68292803-68292803	chr1	68292803	68292803	2	0.203665987780041	0.0866788
chr18:53861026-53861028	chr18	53861026	53861028	2	0.203665987780041	0.0866788
chr13:33453467-33453467	chr13	33453467	33453467	1	0.10183299389002	0.0433394
chr17:1870976-1870976	chr17	1870976	1870976	1	0.10183299389002	0.0433394
chr12:9055520-9055520	chr12	9055520	9055520	3	0.305498981670061	0.130018
chr14:42903166-42903191	chr14	42903166	42903191	2	0.203665987780041	0.0866788
chr3:113031731-113031731	chr3	113031731	113031731	1	0.10183299389002	0.0433394
chr22:12811767-12811767	chr22	12811767	12811767	1	0.10183299389002	0.0433394
chrX:105020016-105020016	chrX	105020016	105020016	2	0.203665987780041	0.0866788
chr8:36394752-36394752	chr8	36394752	36394752	1	0.10183299389002	0.0433394
chrX:148221766-148221766	chrX	148221766	148221766	2	0.203665987780041	0.0866788
chr1:161820512-161820512	chr1	161820512	161820512	1	0.10183299389002	0.0433394
chr10:35632508-35632508	chr10	35632508	35632508	2	0.203665987780041	0.0866788
chr14:22103564-22103564	chr14	22103564	22103564	1	0.10183299389002	0.0433394
chr1:143240137-143240137	chr1	143240137	143240137	1	0.10183299389002	0.0433394
chr4:49652780-49652780	chr4	49652780	49652780	1	0.10183299389002	0.0433394
chr11:126038658-126038658	chr11	126038658	126038658	1	0.10183299389002	0.0433394
chrX:2699871-2699871	chrX	2699871	2699871	1	0.10183299389002	0.0433394
chr12:94503149-94503149	chr12	94503149	94503149	1	0.10183299389002	0.0433394
chr11:93528176-93528176	chr11	93528176	93528176	1	0.10183299389002	0.0433394
chr4:4215295-4215295	chr4	4215295	4215295	1	0.10183299389002	0.0433394
chr10:72198137-72198137	chr10	72198137	72198137	1	0.10183299389002	0.0433394
chr6:79372161-79372161	chr6	79372161	79372161	1	0.10183299389002	0.0433394
chr4:14942222-14942222	chr4	14942222	14942222	1	0.10183299389002	0.0433394
chr14:21511943-21511943	chr14	21511943	21511943	1	0.10183299389002	0.0433394
chr15:98930420-98930420	chr15	98930420	98930420	1	0.10183299389002	0.0433394
chr21:13575374-13575374	chr21	13575374	13575374	1	0.10183299389002	0.0433394
chr3:41961553-41961553	chr3	41961553	41961553	1	0.10183299389002	0.0433394
chr3:177442709-177442709	chr3	177442709	177442709	1	0.10183299389002	0.0433394
chr5:20902684-20902685	chr5	20902684	20902685	2	0.203665987780041	0.0866788
chr15:60113998-60113998	chr15	60113998	60113998	1	0.10183299389002	0.0433394
chr2:43676947-43676947	chr2	43676947	43676947	1	0.10183299389002	0.0433394
chr4:87525655-87525655	chr4	87525655	87525655	2	0.203665987780041	0.0866788
chr20:5551607-5551607	chr20	5551607	5551607	1	0.10183299389002	0.0433394
chr21:33956354-33956355	chr21	33956354	33956355	3	0.305498981670061	0.130018
chr19:25360650-25360650	chr19	25360650	25360650	1	0.10183299389002	0.0433394
chr4:44691887-44691887	chr4	44691887	44691887	1	0.10183299389002	0.0433394
chr4:49146665-49146665	chr4	49146665	49146665	1	0.10183299389002	0.0433394
chr4:49143322-49143322	chr4	49143322	49143322	1	0.10183299389002	0.0433394
chr10:25531718-25531718	chr10	25531718	25531718	1	0.10183299389002	0.0433394
chr1:12004304-12004304	chr1	12004304	12004304	2	0.203665987780041	0.0866788
chr13:50693818-50693818	chr13	50693818	50693818	1	0.10183299389002	0.0433394
chr1:26233419-26233419	chr1	26233419	26233419	1	0.10183299389002	0.0433394
chr5:138354999-138354999	chr5	138354999	138354999	1	0.10183299389002	0.0433394
chr5:54700033-54700033	chr5	54700033	54700033	1	0.10183299389002	0.0433394
chr18:39077147-39077147	chr18	39077147	39077147	1	0.10183299389002	0.0433394
chr20:29011896-29011896	chr20	29011896	29011896	1	0.10183299389002	0.0433394
chr6:28982240-28982266	chr6	28982240	28982266	2	0.203665987780041	0.0866788
chr1:23645053-23645053	chr1	23645053	23645053	1	0.10183299389002	0.0433394
chr1:16555286-16555286	chr1	16555286	16555286	1	0.10183299389002	0.0433394
chr21:19742411-19742411	chr21	19742411	19742411	1	0.10183299389002	0.0433394
chr19:13226270-13226270	chr19	13226270	13226270	1	0.10183299389002	0.0433394
chr15:64913469-64913474	chr15	64913469	64913474	2	0.203665987780041	0.0866788
chr9:67900955-67900955	chr9	67900955	67900955	1	0.10183299389002	0.0433394
chr16:46480829-46480830	chr16	46480829	46480830	2	0.203665987780041	0.0866788
chr15:85239923-85239923	chr15	85239923	85239923	1	0.10183299389002	0.0433394
chr9:127362451-127362451	chr9	127362451	127362451	1	0.10183299389002	0.0433394
chr1:113465437-113465437	chr1	113465437	113465437	1	0.10183299389002	0.0433394
chr4:20779569-20779569	chr4	20779569	20779569	1	0.10183299389002	0.0433394
chr13:59269040-59269040	chr13	59269040	59269040	1	0.10183299389002	0.0433394
chr21:27205744-27205744	chr21	27205744	27205744	1	0.10183299389002	0.0433394
chr8:42190379-42190379	chr8	42190379	42190379	2	0.203665987780041	0.0866788
chr4:173732629-173732629	chr4	173732629	173732629	1	0.10183299389002	0.0433394
chr11:121958972-121958972	chr11	121958972	121958972	4	0.407331975560081	0.173358
chrY:10630577-10630577	chrY	10630577	10630577	1	0.10183299389002	0.0433394
chr6:150030275-150030275	chr6	150030275	150030275	1	0.10183299389002	0.0433394
chr6:12291218-12291218	chr6	12291218	12291218	1	0.10183299389002	0.0433394
chr12:2027699-2027699	chr12	2027699	2027699	1	0.10183299389002	0.0433394
chr20:43339688-43339688	chr20	43339688	43339688	2	0.203665987780041	0.0866788
chr7:99119357-99119357	chr7	99119357	99119357	2	0.203665987780041	0.0866788
chr11:53344333-53344333	chr11	53344333	53344333	1	0.10183299389002	0.0433394
chr6:52507859-52507859	chr6	52507859	52507859	1	0.10183299389002	0.0433394
chr13:48518476-48518476	chr13	48518476	48518476	1	0.10183299389002	0.0433394
chr4:28845432-28845432	chr4	28845432	28845432	1	0.10183299389002	0.0433394
chr10:79629631-79629631	chr10	79629631	79629631	1	0.10183299389002	0.0433394
chr10:10779487-10779487	chr10	10779487	10779487	1	0.10183299389002	0.0433394
chr3:146464137-146464137	chr3	146464137	146464137	1	0.10183299389002	0.0433394
chr8:40410771-40410771	chr8	40410771	40410771	1	0.10183299389002	0.0433394
chr13:39317050-39317050	chr13	39317050	39317050	2	0.203665987780041	0.0866788
chr9:70894530-70894530	chr9	70894530	70894530	1	0.10183299389002	0.0433394
chr13:23761122-23761122	chr13	23761122	23761122	2	0.203665987780041	0.0866788
chr7:100547470-100547470	chr7	100547470	100547470	3	0.305498981670061	0.130018
chr12:61278258-61278258	chr12	61278258	61278258	1	0.10183299389002	0.0433394
chr4:145931074-145931074	chr4	145931074	145931074	1	0.10183299389002	0.0433394
chr4:171454702-171454702	chr4	171454702	171454702	1	0.10183299389002	0.0433394
chr5:11037584-11037584	chr5	11037584	11037584	1	0.10183299389002	0.0433394
chr19:5435354-5435354	chr19	5435354	5435354	1	0.10183299389002	0.0433394
chr3:119578952-119578952	chr3	119578952	119578952	1	0.10183299389002	0.0433394
chr8:10008235-10008235	chr8	10008235	10008235	2	0.203665987780041	0.0866788
chr5:79753451-79753483	chr5	79753451	79753483	2	0.203665987780041	0.0866788
chr1:117141011-117141011	chr1	117141011	117141011	1	0.10183299389002	0.0433394
chr6:129299179-129299211	chr6	129299179	129299211	3	0.305498981670061	0.130018
chr6:82449149-82449149	chr6	82449149	82449149	1	0.10183299389002	0.0433394
chr2:50222351-50222356	chr2	50222351	50222356	2	0.203665987780041	0.0866788
chr3:41467349-41467398	chr3	41467349	41467398	2	0.203665987780041	0.0866788
chr1:114758658-114758685	chr1	114758658	114758685	2	0.203665987780041	0.0866788
chr12:38161476-38161476	chr12	38161476	38161476	2	0.203665987780041	0.0866788
chr10:3191467-3191468	chr10	3191467	3191468	7	0.712830957230143	0.303376
chr8:132983299-132983299	chr8	132983299	132983299	2	0.203665987780041	0.0866788
chr5:41479075-41479075	chr5	41479075	41479075	1	0.10183299389002	0.0433394
chrX:25971679-25971679	chrX	25971679	25971679	1	0.10183299389002	0.0433394
chr11:5683956-5683956	chr11	5683956	5683956	1	0.10183299389002	0.0433394
chr19:36308237-36308237	chr19	36308237	36308237	1	0.10183299389002	0.0433394
chr19:50296206-50296206	chr19	50296206	50296206	2	0.203665987780041	0.0866788
chr4:70197914-70197914	chr4	70197914	70197914	1	0.10183299389002	0.0433394
chr2:218222821-218222831	chr2	218222821	218222831	2	0.203665987780041	0.0866788
chr6:99776388-99776388	chr6	99776388	99776388	2	0.203665987780041	0.0866788
chr20:56093513-56093513	chr20	56093513	56093513	1	0.10183299389002	0.0433394
chr2:69209851-69209851	chr2	69209851	69209851	3	0.305498981670061	0.130018
chr17:1005894-1005907	chr17	1005894	1005907	2	0.203665987780041	0.0866788
chr14:27338615-27338615	chr14	27338615	27338615	1	0.10183299389002	0.0433394
chr7:126883797-126883797	chr7	126883797	126883797	1	0.10183299389002	0.0433394
chrX:122834927-122834927	chrX	122834927	122834927	1	0.10183299389002	0.0433394
chr11:8232492-8232492	chr11	8232492	8232492	2	0.203665987780041	0.0866788
chr19:24040976-24040976	chr19	24040976	24040976	1	0.10183299389002	0.0433394
chr13:45549369-45549374	chr13	45549369	45549374	2	0.203665987780041	0.0866788
chr17:33889898-33889899	chr17	33889898	33889899	2	0.203665987780041	0.0866788
chr12:23082243-23082243	chr12	23082243	23082243	2	0.203665987780041	0.0866788
chr1:182002090-182002090	chr1	182002090	182002090	1	0.10183299389002	0.0433394
chr9:39529349-39529349	chr9	39529349	39529349	1	0.10183299389002	0.0433394
chr17:32342905-32342905	chr17	32342905	32342905	2	0.203665987780041	0.0866788
